Feature	Gain	Cover	Frequency	pos
rf_034_011	0.0407787931980369	0.00256748555405595	0.00199697754749568	1
ldh	0.0276805091056425	0.0131865109223071	0.0138708981001727	2
rf_019_005	0.0220608761320182	0.000710615534536731	0.000431778929188256	3
saturacion	0.0192634581335685	0.0127279502468186	0.0104166666666667	4
edad	0.0159451211842267	0.00727745843912726	0.00572107081174439	5
vni_rank	0.0147165515923003	0.015002416244227	0.0118199481865285	6
rf_050_005	0.0145198925760098	0.000266480825451274	0.000161917098445596	7
sexo_rank	0.0136886803505001	0.0136835969191519	0.0133311744386874	8
edad_rank	0.0123374732397081	0.0059218802375616	0.00555915371329879	9
paciente_id	0.0120343505239068	0.00983956054216399	0.00955310880829015	10
rf_028_010	0.0109984939881301	0.00384866278020757	0.00237478411053541	11
rf_050_012	0.0102037319341615	0.00308627358782196	0.00248272884283247	12
canarito4	0.0101361041896617	0.0149245244372927	0.0116040587219344	13
canarito77	0.00993753776526168	0.0102321739426671	0.00993091537132988	14
canarito83	0.00959751469780312	0.00988721249532628	0.0103626943005181	15
canarito42	0.00927580970025365	0.0170801759883785	0.0134391191709845	16
frecuencia_respiratoria	0.00913601714468397	0.00396474344280946	0.00474956822107081	17
canarito17	0.00892536807089776	0.00838998223881746	0.00814982728842833	18
progr_imagerad_perc_rank	0.00843747328364373	0.0107580698141069	0.00982297063903281	19
enf_renal_rank	0.00830416344979991	0.00982639632209356	0.00831174438687392	20
antibioticos_rank	0.00801775776101922	0.00668313385824785	0.00734024179620035	21
finternacion	0.00794643768616358	0.00370558074608743	0.00399395509499136	22
canarito48	0.00794060429998281	0.00591628649548694	0.00647668393782383	23
severidad_ins_rank	0.00771370330672899	0.00566591396488223	0.00615284974093264	24
canarito99	0.00745524539038371	0.00640033444689457	0.00690846286701209	25
durac_finis_finter_rank	0.00742045739019863	0.00658198386058208	0.00609887737478411	26
uti_rank	0.00731366833925848	0.00583099244340122	0.00631476683937824	27
canarito86	0.00731067894013733	0.00947722905364399	0.0077720207253886	28
canarito67	0.00715842120104538	0.00554331427956177	0.00669257340241796	29
peso	0.0071389943826958	0.00743971901750337	0.00696243523316062	30
canarito104	0.00713209605386194	0.00976314077261775	0.00847366148531952	31
canarito100	0.00700484622147875	0.0106629761988378	0.00804188255613126	32
canarito50	0.0068773717788416	0.00397651974191399	0.00561312607944732	33
temperatura_rank	0.00684159022566468	0.00383709677215847	0.0040479274611399	34
canarito43	0.00674533206381791	0.0078155511917825	0.00901338514680484	35
sat_aire_ambiente	0.00665387589815374	0.0122857922736543	0.00804188255613126	36
canarito8	0.00664072521765567	0.00942583391969489	0.00874352331606218	37
frecuencia_respiratoria_rank	0.00654578662379986	0.00330232661817916	0.00367012089810017	38
progr_imagerad_perc	0.00654203254876033	0.00336739067073173	0.00280656303972366	39
canarito21	0.00648963180684004	0.00954019019564218	0.00868955094991365	40
canarito41	0.00647083871587121	0.00790227522304521	0.00831174438687392	41
sat_aire_ambiente_rank	0.00645714647685271	0.0083697522392843	0.00809585492227979	42
fdiag_covid	0.00643521116244421	0.00995046804480209	0.00841968911917098	43
hipertension_rank	0.00639831556021881	0.0085521166425603	0.00798791018998273	44
rf_049_016	0.00636855824579079	0.00217718535516267	0.00183506044905009	45
canarito36	0.0062277016503737	0.00608952426695692	0.00647668393782383	46
canarito1	0.00616970649548424	0.00594089054897321	0.00728626943005181	47
canarito33	0.00610372853775842	0.00489078113453707	0.00593696027633852	48
canarito32	0.00599667615741177	0.00485797572988871	0.00582901554404145	49
metodo_diag_rank	0.00588284971882612	0.00807980293204613	0.00734024179620035	50
arm_rank	0.00582926541012478	0.0113179066618945	0.00933721934369603	51
rf_034_005	0.0058098846409433	0.00167984700905135	0.00107944732297064	52
otra_medicacion_rank	0.0056005470039062	0.00337609672042687	0.00377806563039724	53
diabetes_rank	0.00559314290789617	0.00572315519017251	0.00550518134715026	54
saturacion_rank	0.00559047369416917	0.00496808412651615	0.00458765112262522	55
canarito102	0.00553542386047226	0.00736035517318099	0.00728626943005181	56
canarito45	0.00548243737078847	0.00734491980971183	0.00798791018998273	57
canarito12	0.00548150047148444	0.00738298249074614	0.0077720207253886	58
canarito5	0.00534803890190883	0.009416286705778	0.0079339378238342	59
rf_016_017	0.00532867894177034	0.00333567877957165	0.0026986183074266	60
neumonia_rank	0.00529120823284068	0.00478046244685419	0.00534326424870466	61
canarito64	0.00526489278578547	0.00397050541772846	0.00437176165803109	62
canarito18	0.00520337642265265	0.00609759944348575	0.0064227115716753	63
canarito93	0.00516790254901807	0.00581215036483395	0.00631476683937824	64
canarito24	0.00494447081453422	0.0137734332580351	0.00987694300518135	65
canarito80	0.00494041355270453	0.00464352091155284	0.00518134715025907	66
canarito14	0.00491891287337158	0.00632012943835044	0.00550518134715026	67
temperatura	0.00483750553478188	0.00176594016714774	0.00318436960276339	68
canarito10	0.00483647408245289	0.00518409509866225	0.00582901554404145	69
canarito68	0.00478426490259276	0.00297120232228618	0.00437176165803109	70
canarito73	0.00473665926672324	0.00590059878275125	0.00528929188255613	71
canarito54	0.00469958890768398	0.00956151370866361	0.00836571675302245	72
vni	0.00469380128831052	0.000316277747379037	0.000215889464594128	73
ig_total_rank	0.00467712317364586	0.00524802357951546	0.00528929188255613	74
fini_sintomas	0.00465232026915052	0.00574494134351591	0.00588298791018998	75
canarito95	0.00464631681389559	0.00395771972155782	0.00469559585492228	76
canarito103	0.00462490167426563	0.00406135115367776	0.00491148531951641	77
canarito88	0.00459012856242308	0.0063985259438178	0.00696243523316062	78
canarito65	0.0045739017746514	0.0038145535710155	0.00620682210708118	79
canarito53	0.00452462005373467	0.00683938011243842	0.00647668393782383	80
imc	0.00452347084686966	0.00628063677813915	0.00674654576856649	81
igg_rank	0.00451729651457465	0.00536166486587426	0.00636873920552677	82
canarito7	0.00448820365862275	0.00855165400223834	0.00761010362694301	83
mes_rank	0.00446512897601488	0.00635966415677282	0.00615284974093264	84
canarito26	0.00443139232428663	0.00573421649968856	0.00518134715025907	85
canarito2	0.00441988971855752	0.00302613034596664	0.00442573402417962	86
canarito84	0.00441769918484116	0.0066904519869771	0.00555915371329879	87
canarito39	0.00438604756591449	0.00804846956478584	0.00663860103626943	88
embarazo_rank	0.0043623562021039	0.00362630101818723	0.00485751295336788	89
canarito75	0.0043549188047665	0.00383671824825869	0.00485751295336788	90
canarito6	0.00433527632572247	0.00468288739713087	0.00561312607944732	91
canarito82	0.00429304487219981	0.00352090314120161	0.00458765112262522	92
canarito28	0.00423825702499973	0.00426924489108395	0.00442573402417962	93
canarito79	0.00419968807211162	0.00362966567507424	0.00566709844559586	94
heparina_rank	0.00419651281924348	0.00360014081089072	0.00426381692573402	95
durac_finis_finter	0.00403012523622548	0.00169162330815589	0.00210492227979275	96
canarito97	0.00401625728664357	0.00346950800725252	0.00474956822107081	97
canarito23	0.00401600817698802	0.00522047545125306	0.00593696027633852	98
durac_fdiag_finter_rank	0.00399814020898422	0.00471161315530373	0.00442573402417962	99
rf_020_008	0.00398942282654167	0.00176451018797076	0.00124136442141623	100
corticoides_rank	0.00398883520784062	0.00448925139328339	0.00534326424870466	101
canarito92	0.00391351630937651	0.00353394118663878	0.00474956822107081	102
inotropicos_rank	0.00383297208445955	0.00530345630172897	0.00528929188255613	103
foto_mes_rank_rank	0.00378723204679768	0.00262144623888139	0.00415587219343696	104
canarito19	0.00377966799589014	0.00328268543360123	0.00464162348877375	105
oxigeno_supl_rank	0.00377773109250924	0.00352203871290098	0.00393998272884283	106
obesidad_rank	0.00376872162157522	0.00254805466053346	0.00340025906735751	107
canarito94	0.00376529378478043	0.00232001504001629	0.00356217616580311	108
canarito76	0.0037614126952247	0.00367424737882714	0.00518134715025907	109
canarito60	0.0037431528664349	0.00655885184448388	0.00620682210708118	110
canarito71	0.00373241831473401	0.00232636582989052	0.00323834196891192	111
progr_image_rad_rank	0.00363011672195225	0.00533428497045621	0.00518134715025907	112
enf_hepatica_rank	0.00362354247943033	0.0059269692811032	0.00577504317789292	113
canarito20	0.00358552882334662	0.00711444081295157	0.00674654576856649	114
canarito35	0.00358342061321745	0.00404776635149645	0.00474956822107081	115
frecuencia_cardiaca	0.00356785347125626	0.00568366252996122	0.00485751295336788	116
canarito46	0.00355563200535568	0.00251066491087655	0.00350820379965458	117
canarito58	0.00351248372829291	0.00459628954050143	0.00426381692573402	118
fini_sintomas_rank	0.00350798983222045	0.00191322802237665	0.00280656303972366	119
antic_monoclonales_rank	0.0034964224618247	0.00621654006444159	0.00545120898100173	120
canarito96	0.0034330535398922	0.00708638798615612	0.0065846286701209	121
canarito25	0.0034009947259184	0.00367597176548173	0.00485751295336788	122
rf_020_011	0.0033989947537095	0.000633859299301792	0.000593696027633852	123
canarito70	0.00339686583889189	0.00571003302831317	0.00599093264248705	124
canarito51	0.00339680558505998	0.00571335562698909	0.00545120898100173	125
canarito74	0.00338921628316899	0.00403148982380554	0.00447970639032815	126
canarito30	0.00333741883907868	0.00616342054383791	0.00572107081174439	127
cancer_rank	0.00331664856620483	0.00159585676150933	0.00259067357512953	128
canarito29	0.00330004947322409	0.00341491644926076	0.00474956822107081	129
canarito55	0.00323053410580256	0.00455503043542445	0.00496545768566494	130
rf_038_006	0.00322998445982603	0.00233292691082019	0.00145725388601036	131
canarito56	0.00310740004676954	0.0034624422277898	0.00469559585492228	132
rf_042_017	0.00306945701444894	0.00184669193243601	0.00129533678756477	133
canarito78	0.0030506235536843	0.00324357129728973	0.00415587219343696	134
finternacion_rank	0.0030479346530892	0.007602231945146	0.00572107081174439	135
canarito9	0.00299719049768399	0.00250166445370379	0.00340025906735751	136
canarito13	0.00298516563730942	0.00310839620685406	0.00393998272884283	137
canarito62	0.00293658856011695	0.00268844496914399	0.00361614853195164	138
frecuencia_cardiaca_rank	0.00291848125852812	0.0019926759831212	0.00259067357512953	139
canarito34	0.00289329404774138	0.00238890638977784	0.00350820379965458	140
enf_otras_rank	0.0028465254729825	0.00434612730095216	0.00474956822107081	141
ldh_rank	0.00284352287477197	0.00572656190527061	0.00474956822107081	142
canarito16	0.00281497880161394	0.00239428984079705	0.00350820379965458	143
canarito66	0.00280059727511327	0.00418407701363149	0.00485751295336788	144
progr_image_rad	0.00278861190956848	0.000327843755428138	0.000485751295336788	145
canarito15	0.00277054275540664	0.00230727140205673	0.00291450777202073	146
canarito81	0.00273312959640701	0.00257951420242701	0.00415587219343696	147
canarito27	0.00272411464225554	0.00420418083853138	0.00426381692573402	148
canarito47	0.00271877548586139	0.00847536040732536	0.00663860103626943	149
canarito89	0.00269881550607524	0.00377695353030315	0.00415587219343696	150
canarito3	0.00254812819473807	0.00495420491685723	0.00480354058721934	151
canarito63	0.00254399563796839	0.00221301895100933	0.00329231433506045	152
canarito37	0.00252918740326385	0.00267422929379637	0.00356217616580311	153
canarito69	0.00250440156683941	0.00399910500126806	0.00485751295336788	154
peso_rank	0.00249486759188844	0.00118797623038142	0.00161917098445596	155
canarito61	0.00245208062774248	0.003075254336517	0.00399395509499136	156
canarito72	0.00243582080433127	0.00343804846535897	0.00464162348877375	157
plasma_conv_rank	0.00230036401508407	0.00386397196904347	0.00399395509499136	158
enf_pulmonr_rank	0.00228739057399431	0.00222248204850405	0.00318436960276339	159
canarito91	0.00224093798646206	0.00288275390436888	0.00345423143350605	160
canarito90	0.00221279641506116	0.0026571116018837	0.00318436960276339	161
rf_033_002	0.00221263768838902	0.00124357718543928	0.000755613126079447	162
canarito40	0.00218243824051061	0.00175786499061892	0.00259067357512953	163
canarito87	0.00216670255765942	0.00177746411698576	0.002536701208981	164
canarito11	0.00215244336500529	0.00227169015547659	0.00313039723661485	165
altura	0.00214306734096113	0.00170743719552484	0.00237478411053541	166
rf_043_014	0.0021067367050756	0.00490411358745185	0.00361614853195164	167
canarito57	0.00208483793194137	0.00600372551633814	0.00599093264248705	168
antibioticos	0.00205057444004609	0.000297393610600688	0.00053972366148532	169
canarito22	0.00202816023579456	0.00159207152251145	0.00242875647668394	170
canarito85	0.00193224125876503	0.00141012770134633	0.00183506044905009	171
canarito101	0.00186936489016255	0.00301220907809663	0.00318436960276339	172
canarito44	0.0018553727220309	0.00379192625345035	0.00442573402417962	173
canarito98	0.00185065074511156	0.00357091035418481	0.00345423143350605	174
canarito59	0.00177206207136913	0.00246978432969936	0.00329231433506045	175
foto_mes_rank	0.00177133300145445	0.00100981764821419	0.00167314335060449	176
canarito49	0.00171660178444149	0.00530698919146033	0.00464162348877375	177
canarito38	0.00167034013427369	0.00169990877574015	0.00226683937823834	178
rf_005_010	0.00163544257180376	0.00176686544779167	0.00129533678756477	179
durac_fdiag_finter	0.00163125025665505	0.00103492640023351	0.00161917098445596	180
imc_rank	0.00153795638848733	0.00108076985031903	0.0013493091537133	181
heparina	0.00153206858318941	0.000722013309741481	0.00053972366148532	182
fdiag_covid_rank	0.00147365553702091	0.00252517499370178	0.00313039723661485	183
rf_011_010	0.00146364621481963	0.000308412861905649	0.000647668393782383	184
enf_coronaria_rank	0.00142523032552989	0.00142186194223978	0.00237478411053541	185
obesidad	0.00142172187644811	0.000719826282764924	0.00124136442141623	186
rf_049_018	0.00140120608050753	0.000682730940585627	0.000593696027633852	187
mes	0.00133743719029017	0.00252218886071456	0.00161917098445596	188
altura_rank	0.00129938884642593	0.00333206177341812	0.00313039723661485	189
igm_rank	0.00126500726455355	0.00258081800697073	0.00296848013816926	190
rf_040_010	0.00119493195033881	0.00339073297788537	0.00215889464594128	191
durac_fdiag_finis_rank	0.00110735749302338	0.00284776147274397	0.00323834196891192	192
rf_009_010	0.00110255421256172	0.00204087469302763	0.0013493091537133	193
rf_018_005	0.000957901265250703	0.001677281458175	0.00124136442141623	194
diabetes	0.000948188657103951	0.000795446946300497	0.000809585492227979	195
canarito52	0.000945446071970262	0.00195684238727453	0.00242875647668394	196
rf_002_013	0.000901408351994304	0.00165204653152242	0.00145725388601036	197
rf_023_011	0.000881732496187194	0.00401538152895897	0.00248272884283247	198
rf_032_006	0.000879159296999564	0.000222025296331641	0.000161917098445596	199
rf_045_012	0.000824075670134499	0.000680081273287106	0.000809585492227979	200
canarito31	0.000816815194384336	0.0031871712362212	0.00259067357512953	201
rf_026_016	0.000747388014668174	0.000664814142662293	0.000755613126079447	202
rf_042_003	0.000699492275796886	0.00256420501359111	0.00156519861830743	203
rf_017_013	0.000696485197828939	0.0000682604765952364	0.000053972366148532	204
rf_004_008	0.000695295824811483	0.00128984121763568	0.000863557858376511	205
rf_047_005	0.000687091072564119	0.0000679240109065353	0.000053972366148532	206
hipertension	0.00063766563837585	0.000192079850037243	0.000377806563039724	207
rf_032_010	0.00060419486333604	0.0031398978069587	0.00205094991364421	208
rf_035_014	0.00053670538109094	0.000583599737052064	0.000593696027633852	209
rf_001_014	0.000513783530378206	0.0000246881699084435	0.000053972366148532	210
rf_047_014	0.000507565315736801	0.00275489694266246	0.00178108808290155	211
durac_fdiag_finis	0.000499748346827078	0.000299748870421596	0.000485751295336788	212
rf_006_011	0.000425684451586387	0.00085201524021337	0.000755613126079447	213
rf_024_010	0.000403573041352792	0.0000505539697273408	0.000053972366148532	214
rf_010_009	0.000375468914163964	0.00226933489565568	0.00151122625215889	215
rf_046_018	0.000368496314003025	0.000498053335699809	0.000485751295336788	216
rf_049_004	0.000357774439728857	0.00577375121811094	0.00350820379965458	217
rf_048_014	0.000347125010687156	0.000252433382948003	0.00026986183074266	218
rf_043_003	0.000342633527147558	0.000555631026678785	0.00053972366148532	219
rf_033_011	0.000328683702363864	0.000266480825451274	0.000161917098445596	220
rf_029_004	0.000288521631234488	0.000405861736995706	0.000377806563039724	221
rf_014_015	0.000280545381062559	0.000501375934375732	0.000701640759930915	222
rf_046_015	0.000268925112421522	0.0012714197211793	0.000917530224525043	223
rf_037_002	0.000262988802033352	0.000847136487727204	0.000755613126079447	224
rf_039_011	0.000248963779946585	0.000164279372508314	0.000215889464594128	225
rf_033_014	0.0002457747573868	0.000333731904980407	0.00026986183074266	226
rf_042_016	0.000238634940039713	0.000194224818802712	0.000161917098445596	227
rf_015_014	0.000230435209453419	0.000916364303177456	0.000917530224525043	228
rf_022_011	0.000225081003405473	0.00186385168255976	0.00124136442141623	229
rf_036_009	0.000210314292431717	0.00126931681062491	0.000917530224525043	230
rf_038_005	0.000209349111324951	0.0000888269418170914	0.000053972366148532	231
rf_041_005	0.000206921044040549	0.0031089429635982	0.00188903281519862	232
rf_031_011	0.000205314950506147	0.00134472718310505	0.00102547495682211	233
rf_021_011	0.000200850184464091	0.0000284734089063309	0.000053972366148532	234
rf_003_003	0.00018023390640656	0.0000230478996760256	0.000053972366148532	235
rf_005_006	0.000172647188226904	0.000917878398776611	0.000647668393782383	236
rf_028_018	0.000153542658110479	0.000864128005006609	0.000809585492227979	237
rf_008_007	0.000142408258469443	0.000620442729964835	0.000431778929188256	238
rf_018_012	0.000136058418241231	0.0000436564231089682	0.000053972366148532	239
rf_041_002	0.000122595909765813	0.0000794900189556357	0.000161917098445596	240
rf_030_009	0.000113832441241222	0.000219039163344418	0.000161917098445596	241
rf_008_012	0.000107263511419022	0.0000716251334822474	0.000107944732297064	242
rf_029_015	0.0000978288160408101	0.00189316625568785	0.00124136442141623	243
rf_006_012	0.000090899895529982	0.00142425926027177	0.000917530224525043	244
rf_050_007	0.0000875171998997242	0.000296930970278724	0.000215889464594128	245
rf_018_009	0.0000831276697926297	0.000307529639472809	0.000215889464594128	246
rf_024_011	0.0000715473149413399	0.0000437405395311435	0.000053972366148532	247
rf_015_007	0.0000708073298660377	0.000302819119830993	0.000215889464594128	248
metodo_diag	0.000057434013745362	0.000233843653647267	0.000323834196891192	249
rf_019_011	0.0000533954067793251	0.0000986685632115986	0.000107944732297064	250
rf_019_003	0.0000525142880031205	0.000565262357017854	0.000377806563039724	251
rf_006_003	0.0000347979235148939	0.000532456952369497	0.000377806563039724	252
rf_012_009	0.0000319410167092399	0.00014779255376196	0.000107944732297064	253
rf_014_017	0.0000311580422260049	0.000977096359988005	0.000593696027633852	254
rf_033_010	0.000027810917623716	0.0000471051964181545	0.000053972366148532	255
rf_010_012	0.000025800114830265	0.0000638443644310344	0.000107944732297064	256
rf_034_009	0.0000256446516497519	0.0000955141973800258	0.000107944732297064	257
rf_048_011	0.0000180562036248327	0.0000512689593158307	0.000053972366148532	258
foto_mes	0.0000137898376635686	0.0000652743436080141	0.000053972366148532	259
rf_025_006	0.00000899779132891123	0.000186317875118236	0.000161917098445596	260
rf_032_013	0.00000847349201252613	0.0000569888760237494	0.000053972366148532	261
rf_009_011	0.0000071334846245303	0.000148213135872836	0.000107944732297064	262
rf_027_007	0.00000656869767846328	0.000799442476353822	0.000485751295336788	263
rf_017_011	0.00000640463478388178	0.0000354971301579664	0.000053972366148532	264
rf_030_004	0.00000362783941621086	0.0000589235537337808	0.000053972366148532	265
rf_025_009	0.00000226267901206856	0.0000544653833584912	0.000053972366148532	266
rf_046_005	0.0000018022392219958	0.0000564421192796101	0.000053972366148532	267
