Feature	Gain	Cover	Frequency	pos
edad	0.0584832845580313	0.0244818541424065	0.0176292177429546	1
saturacion	0.0476915465519589	0.028284785342007	0.019524832554025	2
ldh	0.0373496315641518	0.0207425248721567	0.0185770251484898	3
edad_rank	0.0230110009538265	0.020945972037471	0.0140907367622899	4
saturacion_rank	0.0209038409337235	0.00839821997556856	0.00865664097055478	5
sat_aire_ambiente	0.0198159154249502	0.0094540712592461	0.00663465183874637	6
enf_otras_rank	0.0124661591712795	0.0159414680530175	0.0127638063945406	7
paciente_id	0.0122130869995774	0.0138230991343718	0.00979400985719702	8
sexo_rank	0.0114411235135064	0.00636172372684789	0.00707696196132946	9
canarito78	0.0111830281827555	0.00775978104344496	0.00770883356501959	10
canarito101	0.0109566442473211	0.013821518962214	0.0128269935549096	11
frecuencia_respiratoria_rank	0.010875802690477	0.0077830392023923	0.00739289776317452	12
uti_rank	0.010663772850336	0.00903626386465272	0.00935169973461393	13
canarito45	0.0105004928147147	0.00952246308545008	0.0109945659042083	14
sat_aire_ambiente_rank	0.00982047627012908	0.00481878437553424	0.00606596739542525	15
frecuencia_respiratoria	0.00971473498411975	0.012013209449153	0.00903576393276886	16
durac_fdiag_finter_rank	0.00966211299191407	0.0113732397252515	0.0104258814608871	17
canarito65	0.0094992497983895	0.0145238561059679	0.0115632503475294	18
progr_imagerad_perc	0.00945770651809019	0.00327179583306627	0.00265386073549855	19
progr_imagerad_perc_rank	0.00912305617107693	0.00712455183601684	0.0092253254138759	20
canarito38	0.00892112068764586	0.0105928322008272	0.00947807405535195	21
canarito56	0.00857070004988612	0.0107412202425189	0.00935169973461393	22
progr_image_rad_rank	0.00848254808715068	0.00287966623603683	0.00315935801845065	23
enf_hepatica_rank	0.00798620192509654	0.00548620959067714	0.00612915455579426	24
severidad_ins_rank	0.00792934387191337	0.00608578616379531	0.00663465183874637	25
arm_rank	0.00783817794222114	0.00750176855830722	0.00789839504612663	26
canarito22	0.00758305178499409	0.00630286231397053	0.0077720207253886	27
antibioticos	0.00757746423763501	0.00166416818404344	0.00240111209402249	28
canarito23	0.00728932065497019	0.0123024303344069	0.0113736888664223	29
antibioticos_rank	0.00725050540508448	0.00757830814719975	0.00732971060280551	30
fini_sintomas	0.00710485113473823	0.00657129405927364	0.00644509035763933	31
canarito88	0.00703517202556072	0.00958808961037794	0.00916213825350689	32
otra_medicacion_rank	0.0069664909527375	0.00562319076460482	0.00638190319727032	33
canarito63	0.00689637258770596	0.00750887933301723	0.00751927208391255	34
ig_total_rank	0.0067868707963759	0.0102535889907036	0.00853026664981676	35
canarito61	0.00668372177015079	0.00479024251593431	0.00695058764059143	36
canarito19	0.00664771460746829	0.00596579184056379	0.00625552887653229	37
enf_pulmonr_rank	0.00649561843995673	0.00433228887245729	0.0058132187539492	38
canarito47	0.00645512894715593	0.00398470037812532	0.00492859850878302	39
canarito36	0.00626510750854949	0.00696223852718474	0.00701377480096045	40
canarito7	0.00624568260890329	0.00783676505575687	0.00821433084797169	41
canarito34	0.00608492815657063	0.00683982456533661	0.0072665234424365	42
temperatura	0.00606258209367007	0.00371760190308034	0.00587640591431821	43
canarito29	0.00605967884759463	0.00921971197609516	0.00897257677239985	44
corticoides_rank	0.00605815157481498	0.00545179146586547	0.00682421331985341	45
canarito25	0.00604108686945323	0.00794273535108808	0.00701377480096045	46
canarito82	0.00600285746456583	0.00717003116593299	0.0077720207253886	47
imc	0.00599635763458536	0.00475533058732333	0.00606596739542525	48
canarito97	0.00589125599473262	0.010890744032949	0.00935169973461393	49
canarito81	0.0058462435200148	0.00799497979305473	0.0077720207253886	50
temperatura_rank	0.00583627921619758	0.00448067691414895	0.004865411348414	51
canarito91	0.0058344240876072	0.00672170669654246	0.00682421331985341	52
canarito98	0.00578130500765305	0.00554986090040777	0.0063187160369013	53
canarito21	0.00564728234885255	0.0113962016019193	0.00985719701756603	54
frecuencia_cardiaca	0.00564408142111146	0.00541732396067386	0.00663465183874637	55
canarito69	0.00562579128339901	0.00989064319821314	0.00853026664981676	56
canarito41	0.00557005789341216	0.00821096957487147	0.00770883356501959	57
antic_monoclonales_rank	0.00553033104302488	0.00670625063762416	0.0058132187539492	58
canarito9	0.00550417598187169	0.00857440917116119	0.00732971060280551	59
canarito31	0.00543705939305171	0.0041617784205567	0.00524453431062808	60
canarito33	0.00542370333667313	0.0112696890685369	0.009730822696828	61
canarito17	0.00539090595485328	0.00741643926178702	0.00732971060280551	62
canarito20	0.0053605467106883	0.00276041261850427	0.00410716542398585	63
canarito62	0.00525060761220988	0.00640567226498618	0.00676102615948439	64
canarito6	0.00522785763565909	0.00487789269031124	0.00650827751800834	65
canarito37	0.00522334727430534	0.00452210705291078	0.00537090863136611	66
canarito87	0.00521312984853959	0.007804618428422	0.00732971060280551	67
canarito58	0.00519157557528744	0.00715427882473511	0.00593959307468722	68
canarito43	0.00514206384482063	0.010458369426276	0.00878301529129281	69
canarito24	0.00506192363456662	0.0032964860230316	0.00499178566915203	70
canarito85	0.00504589636631191	0.00521995058209098	0.00492859850878302	71
finternacion_rank	0.00498795611516951	0.00881597798978202	0.00612915455579426	72
canarito48	0.00497407676467951	0.00842384839275258	0.00802476936686465	73
durac_fdiag_finis_rank	0.00493817769752712	0.00719062278436408	0.00625552887653229	74
canarito54	0.00492167787346838	0.00941372748884275	0.00808795652723367	75
metodo_diag_rank	0.00487219666900056	0.0059970496210599	0.0058132187539492	76
canarito53	0.00472978577569533	0.00572807469157756	0.00644509035763933	77
canarito1	0.0046741324350372	0.00384352187190354	0.00404397826361683	78
canarito93	0.00463663039123864	0.00434799183327525	0.00549728295210413	79
canarito50	0.0046327763958575	0.00580194773995383	0.00575003159358018	80
canarito86	0.00457919308142259	0.00536883242758194	0.00530772147099709	81
canarito4	0.00451958989922603	0.00766329178106043	0.00688740048022242	82
durac_finis_finter	0.00443260076391812	0.00406593110311127	0.00309617085808164	83
peso	0.0043971234146661	0.00340882638737387	0.00347529382029572	84
canarito64	0.00436978189818922	0.00250941214731669	0.00385441678250979	85
canarito72	0.00424936237315674	0.00827002850926855	0.00815114368760268	86
canarito89	0.00420087448755177	0.00448536805024236	0.00480222418804499	87
canarito59	0.00419364194644859	0.00663074803671016	0.00625552887653229	88
plasma_conv_rank	0.00415815477875029	0.00463217591977624	0.00480222418804499	89
canarito8	0.0041339123878576	0.00446324564003343	0.00524453431062808	90
canarito3	0.00402040154124025	0.00357617649495891	0.00398079110324782	91
canarito44	0.00394300547630964	0.00377157465834456	0.00467584986730696	92
canarito39	0.00390353285689505	0.00267360191058616	0.00372804246177177	93
canarito26	0.00389895331072896	0.00311190216285076	0.00568684443321117	94
enf_coronaria_rank	0.00388492173993085	0.00409259650827383	0.00417035258435486	95
canarito51	0.00380551001087081	0.0048886082327562	0.00492859850878302	96
inotropicos_rank	0.00378080723434666	0.00394322085898356	0.00537090863136611	97
fini_sintomas_rank	0.00377095934694137	0.0042970312811868	0.00448628838619992	98
durac_fdiag_finis	0.00373351160634411	0.0019305753337694	0.00246429925439151	99
canarito73	0.00371168330854798	0.00478747721465819	0.00530772147099709	100
canarito30	0.00370935244908025	0.00449889827434337	0.0043599140654619	101
canarito10	0.00370161429927127	0.00450077472878073	0.00448628838619992	102
heparina_rank	0.00363438349425217	0.00444265402160234	0.00530772147099709	103
canarito32	0.00361884722265559	0.00260516070400225	0.00347529382029572	104
canarito79	0.00361505252741957	0.00439297735939208	0.00499178566915203	105
canarito49	0.00361405695722136	0.00380411632871887	0.00524453431062808	106
embarazo_rank	0.00359866006180774	0.0033818153195518	0.00353848098066473	107
vni_rank	0.00359794689919471	0.00257202646906877	0.00398079110324782	108
vni	0.00359185793032399	0.0080456440628636	0.004865411348414	109
canarito102	0.00358579734560219	0.00691912945550527	0.00638190319727032	110
canarito16	0.00355456922249193	0.00466832235788549	0.0043599140654619	111
canarito71	0.00353375107162384	0.00472535669670541	0.00575003159358018	112
canarito99	0.00350902795352804	0.00509783290252244	0.00518134715025907	113
peso_rank	0.0035086840710138	0.00215619428967262	0.00309617085808164	114
canarito67	0.00348084027453702	0.00282169366999823	0.00379122962214078	115
canarito35	0.003431837577723	0.00405556122332583	0.00467584986730696	116
canarito46	0.00337816812247172	0.00603655392500444	0.0058132187539492	117
canarito83	0.00336516393935572	0.00333539776241697	0.00467584986730696	118
canarito27	0.0033644345310686	0.0028789749107178	0.00454947554656894	119
canarito68	0.0033514733586295	0.00680609776584397	0.00562365727284216	120
canarito66	0.00331396483736351	0.0032792522704358	0.00454947554656894	121
canarito13	0.00326188223713819	0.00332038612691805	0.00454947554656894	122
oxigeno_supl_rank	0.00324268789628877	0.00276031385774441	0.00315935801845065	123
canarito90	0.00323051601228904	0.00619531184648153	0.00537090863136611	124
fdiag_covid_rank	0.00320315410982833	0.0024406746584532	0.00303298369771263	125
canarito55	0.00315821108021528	0.00287788854235933	0.00379122962214078	126
frecuencia_cardiaca_rank	0.00313429827862092	0.0016810068935998	0.0019588019714394	127
foto_mes_rank	0.00313083206626376	0.00221994436016311	0.00265386073549855	128
canarito96	0.00306189892440496	0.003299053802788	0.0043599140654619	129
canarito70	0.00303504921230509	0.00289151752722019	0.00379122962214078	130
canarito52	0.00303230178162842	0.00228705229648889	0.00315935801845065	131
enf_renal_rank	0.00293924636606814	0.00343401038113851	0.00480222418804499	132
canarito28	0.00292945025805169	0.00302973321064613	0.00429672690509288	133
ldh_rank	0.00287805034688739	0.00571814923521149	0.00530772147099709	134
canarito94	0.00284456109336956	0.00580955231846316	0.00511815998989005	135
canarito92	0.00281110335651599	0.0024925240573804	0.00322254517881966	136
canarito76	0.00279622819522503	0.00297704434526011	0.00347529382029572	137
canarito18	0.00276281622534046	0.00303738716953539	0.00398079110324782	138
canarito2	0.0027533396802423	0.00245756274838948	0.00385441678250979	139
canarito11	0.00275133568115212	0.00316957844660978	0.00385441678250979	140
canarito5	0.00273166522110575	0.00349494576997296	0.00372804246177177	141
canarito74	0.00271060416821089	0.00624168002323643	0.00530772147099709	142
canarito75	0.00270144924311831	0.00367982591243338	0.00454947554656894	143
canarito15	0.00267110875122243	0.00197556085988623	0.00315935801845065	144
canarito60	0.00263582367791221	0.00473024535431855	0.00556047011247315	145
igm_rank	0.00262220132073516	0.00313520970217804	0.00366485530140276	146
canarito14	0.00261472872033772	0.00393690017035243	0.00423353974472387	147
canarito100	0.00245226050363854	0.00363745754645286	0.0034121066599267	148
cancer_rank	0.00244302945995976	0.00251993016824192	0.0034121066599267	149
mes_rank	0.00242404398896008	0.00320256454040347	0.00391760394287881	150
canarito42	0.0023655654256801	0.0029179360304831	0.00328573233918868	151
canarito57	0.0023343231077141	0.00259227242484035	0.00347529382029572	152
hipertension_rank	0.00217277111448857	0.00294623098818337	0.00379122962214078	153
canarito12	0.0021391335994387	0.0022411779235333	0.00284342221660559	154
canarito80	0.00211646148176039	0.00457045044486291	0.00391760394287881	155
canarito77	0.00199967492356503	0.00212340571739865	0.00265386073549855	156
durac_fdiag_finter	0.00198275040678472	0.00282761931558991	0.00309617085808164	157
canarito95	0.00191277926405795	0.00199121444032426	0.00271704789586756	158
diabetes_rank	0.00190671758006856	0.0023435928315095	0.00252748641476052	159
altura	0.00189835496821127	0.0013567259385951	0.0019588019714394	160
fdiag_covid	0.00189680058961171	0.00261459235656901	0.00259067357512953	161
obesidad_rank	0.00185469203765904	0.00231238443139332	0.00259067357512953	162
sexo	0.0018519163622506	0.00264787473264228	0.00208517629217743	163
canarito40	0.0018495014837737	0.00256086650320444	0.00328573233918868	164
igg_rank	0.00176282845315003	0.00322226731199581	0.0034121066599267	165
imc_rank	0.00154231903943245	0.00109244214520617	0.00132693036774927	166
finternacion	0.00137502459659167	0.00097136145361617	0.00151649184885631	167
canarito84	0.00131447887057019	0.00140590879700605	0.00183242765070138	168
durac_finis_finter_rank	0.00129679444369648	0.00305294198921355	0.00246429925439151	169
neumonia_rank	0.00124484094295893	0.00577799825568746	0.00473903702767598	170
diabetes	0.00115461822486358	0.00161162745979721	0.00132693036774927	171
obesidad	0.000647278225486761	7.08608452005085e-05	0.000126374320738026	172
altura_rank	0.000583957682456809	0.000363982780468954	0.000568684443321117	173
progr_image_rad	0.000566844872394457	0.00439796477776508	0.0029066093769746	174
enf_otras	0.000506139381689799	0.000274456151654653	0.000315935801845065	175
hipertension	0.000494402689079409	0.000462397877670775	0.000758245924428156	176
otra_medicacion	0.000475013184702039	0.000951115497844596	0.00132693036774927	177
foto_mes	0.000451289084354858	0.000777740983908021	0.00063187160369013	178
metodo_diag	0.00016019983810073	0.00020991599508527	0.000379122962214078	179
enf_coronaria	0.000135278878678774	0.000824701725222086	0.000568684443321117	180
mes	4.7328914708382e-05	0.000165918076567044	0.000126374320738026	181
ldh_isNA	2.61848402682907e-05	2.92825652988861e-05	6.3187160369013e-05	182
oxigeno_supl	2.28117737550933e-05	7.6440828132674e-05	6.3187160369013e-05	183
heparina	3.30929098039469e-06	9.04648560329837e-05	6.3187160369013e-05	184
